#time0row7[msb-lsb],time0row6[msb-lst],....,time0row0[msb-lst]#
#time1row7[msb-lsb],time1row6[msb-lst],....,time1row0[msb-lst]#
#................#
00110010000100010000000000000000
00110100000100010000000000000000
00000000000100010000001000000001
00000000000000000000000000000000
00000000000000000000000000000000
00110010000000010000000000000000
01000010000100010000000000100000
00010100000100000000000000000000
00010010001100000000000000000001
00010010000100010000000000000000
00010010000100010000000000000000
00010010000100010000000000000000
00010010000100010000000000000000
00010010000100010000000000000000
00000000000100010000001000000000
00000000000100000100001100100010
00000010000000000000010100100010
00000100000000000000001100000000
00000010000000010000000000000000
00000010000000010000001000000000
00000101000000000000000000000001
00110101000100000000000000000010
01000000000100000000000000100010
00010000000100000000000001110011
00000000000000010000000000000000
00000000000000010000000000000000
00000000000000010000000000000000
00000000000000010000000000000000
00000000000000010000000000000000
00000000000000010000000000000000
00010010000000010000000000000000
00110101000000000000000000000000
00010101001100000000000000000010
00000010001100000000001000000100
00110000000100010000000000000001
00110100000100010000000000000000
00000000000100010000001000000001
00000000000000000000000000000000
00000000000000000000000000000000
00000000000000010000000000000000
00000000000000010000001000100000
00000101000000000000000000000000
00000010000100000000001000000100
00110010000100010000000000000001
00110100000100010000000000000000
00010010000100010000000000000000
00010010000100010000000000000000
00010010000100010000000000000000
00010010000100010000000000000000
00000000000100010000001000000000
00000000000100010000001000000001
00000000000000010000001000100001
00010010000000010000000000000000
00110100000000110000000000000000
01010000000100110000000000000000
01010000000100010000000000100000
01000000000100100100000000100001
00010000000100010000000000100001
00000000000000010000000000000000
00000000000000010000000000000000
00000000000000010000000000000000
00000000000000010000000000000000
00000000000000010000000000000000
00000000000000010000000000000000
